Linux 6.17.0-35-generic (sentinel-ubuntu-2404) 	06/10/26 	_x86_64_	(8 CPU)

17:59:57     CPU    %usr   %nice    %sys %iowait    %irq   %soft  %steal  %guest  %gnice   %idle
17:59:58     all    9.15    0.00    3.63    2.38    0.00    0.00    0.00    0.00    0.00   84.84
17:59:59     all   11.97    0.00    0.75    3.12    0.00    0.00    0.00    0.00    0.00   84.16
18:00:00     all   11.68    0.00    1.01    0.00    0.00    0.00    0.00    0.00    0.00   87.31
18:00:01     all   11.53    0.00    1.00    0.00    0.00    0.00    0.00    0.00    0.00   87.47
18:00:02     all   12.00    0.00    0.75    0.00    0.00    0.00    0.00    0.00    0.00   87.25
18:00:03     all   11.88    0.00    0.88    0.00    0.00    0.00    0.25    0.00    0.00   87.00
18:00:04     all   12.00    0.00    0.75    0.00    0.00    0.00    0.00    0.00    0.00   87.25
18:00:05     all   12.25    0.00    0.62    2.75    0.00    0.00    0.12    0.00    0.00   84.25
18:00:06     all   12.16    0.00    0.38    0.00    0.00    0.00    0.00    0.00    0.00   87.47
18:00:07     all   12.14    0.00    0.38    0.00    0.00    0.00    0.13    0.00    0.00   87.36
18:00:08     all   12.39    0.00    0.50    2.38    0.00    0.00    0.00    0.00    0.00   84.73
18:00:09     all   12.39    0.00    0.50   10.39    0.00    0.00    0.00    0.00    0.00   76.72
18:00:10     all   11.88    0.00    0.88    0.00    0.00    0.00    0.00    0.00    0.00   87.25
18:00:11     all   12.16    0.00    0.38    0.00    0.00    0.00    0.00    0.00    0.00   87.47
18:00:12     all   12.23    0.00    0.50    0.00    0.00    0.00    0.00    0.00    0.00   87.27
18:00:13     all   12.14    0.00    0.63    0.00    0.00    0.00    0.00    0.00    0.00   87.23
18:00:14     all   12.36    0.00    0.25    0.00    0.00    0.00    0.12    0.00    0.00   87.27
18:00:15     all   12.17    0.00    0.38    0.00    0.00    0.00    0.00    0.00    0.00   87.45
18:00:16     all   12.11    0.00    0.62    0.75    0.00    0.00    0.12    0.00    0.00   86.39
18:00:17     all   12.00    0.00    0.62    0.00    0.00    0.00    0.12    0.00    0.00   87.25
18:00:18     all   12.28    0.00    0.38    1.75    0.00    0.00    0.13    0.00    0.00   85.46
18:00:19     all   11.92    0.00    0.63    0.00    0.00    0.00    0.00    0.00    0.00   87.45
18:00:20     all   12.20    0.00    0.87    0.00    0.00    0.00    0.00    0.00    0.00   86.92
18:00:21     all   12.16    0.00    0.38    0.00    0.00    0.00    0.00    0.00    0.00   87.47
18:00:22     all   12.16    0.00    0.38    0.00    0.00    0.00    0.00    0.00    0.00   87.47
18:00:23     all   12.48    0.00    0.37    0.00    0.00    0.00    0.00    0.00    0.00   87.14
18:00:24     all   12.28    0.00    0.38    0.00    0.00    0.00    0.00    0.00    0.00   87.34
18:00:25     all   12.14    0.00    0.63    0.00    0.00    0.00    0.00    0.00    0.00   87.23
18:00:26     all   12.36    0.00    0.37    0.00    0.00    0.00    0.00    0.00    0.00   87.27
18:00:27     all   12.03    0.00    0.50    0.00    0.00    0.00    0.13    0.00    0.00   87.34
18:00:28     all   13.16    0.00    0.75    0.75    0.00    0.00    0.00    0.00    0.00   85.34
18:00:29     all   15.34    0.00    1.12   14.71    0.00    0.00    0.00    0.00    0.00   68.83
18:00:30     all   12.28    0.00    0.25   18.67    0.00    0.00    0.00    0.00    0.00   68.80
18:00:31     all   12.00    0.00    0.62    0.00    0.00    0.00    0.12    0.00    0.00   87.25
18:00:32     all   12.17    0.00    0.38    0.00    0.00    0.00    0.00    0.00    0.00   87.45
18:00:33     all   12.28    0.00    0.25    4.64    0.00    0.00    0.00    0.00    0.00   82.83
18:00:34     all   12.47    0.00    0.50    0.12    0.00    0.00    0.12    0.00    0.00   86.78
18:00:35     all   12.16    0.00    0.63    0.00    0.00    0.00    0.00    0.00    0.00   87.22
18:00:36     all   12.36    0.00    0.37    0.00    0.00    0.00    0.12    0.00    0.00   87.14
18:00:37     all   12.28    0.00    0.38    0.00    0.00    0.00    0.13    0.00    0.00   87.22
18:00:38     all   12.09    0.00    0.62    1.87    0.00    0.00    0.25    0.00    0.00   85.16
18:00:39     all   12.31    0.00    0.50    3.14    0.00    0.00    0.00    0.00    0.00   84.05
18:00:40     all   12.23    0.00    0.50    0.25    0.00    0.00    0.00    0.00    0.00   87.02
18:00:41     all   12.16    0.00    0.50    0.00    0.00    0.00    0.13    0.00    0.00   87.22
18:00:42     all   12.47    0.00    0.37    0.00    0.00    0.00    0.00    0.00    0.00   87.16
18:00:43     all   12.05    0.00    0.50    0.00    0.00    0.00    0.13    0.00    0.00   87.33
18:00:44     all   12.31    0.00    0.62    0.00    0.00    0.00    0.12    0.00    0.00   86.94
18:00:45     all   12.23    0.00    0.37    0.00    0.00    0.00    0.12    0.00    0.00   87.27
18:00:46     all   12.17    0.00    0.38    0.00    0.00    0.00    0.00    0.00    0.00   87.45
18:00:47     all   11.90    0.00    0.75    0.00    0.00    0.00    0.00    0.00    0.00   87.34
18:00:48     all   12.28    0.00    0.50    1.25    0.00    0.00    0.00    0.00    0.00   85.96
18:00:49     all   12.03    0.00    0.63    0.75    0.00    0.00    0.13    0.00    0.00   86.47
18:00:50     all   11.99    0.00    0.87    0.00    0.00    0.00    0.12    0.00    0.00   87.02
18:00:51     all   12.23    0.00    0.37    0.00    0.00    0.00    0.25    0.00    0.00   87.14
18:00:52     all   12.23    0.00    0.37    0.00    0.00    0.00    0.00    0.00    0.00   87.39
18:00:53     all   12.05    0.00    0.63    0.00    0.00    0.00    0.00    0.00    0.00   87.33
18:00:54     all   12.39    0.00    0.38    0.00    0.00    0.00    0.00    0.00    0.00   87.23
18:00:55     all   12.22    0.00    0.50    0.00    0.00    0.00    0.00    0.00    0.00   87.28
18:00:56     all   12.38    0.00    0.50    0.00    0.00    0.00    0.00    0.00    0.00   87.12
18:00:57     all   12.14    0.00    0.38    0.00    0.00    0.00    0.13    0.00    0.00   87.36
18:00:58     all   12.12    0.00    0.62    1.38    0.00    0.00    0.12    0.00    0.00   85.75
18:00:59     all   12.05    0.00    0.63    0.00    0.00    0.00    0.00    0.00    0.00   87.33
18:01:00     all   11.60    0.00    1.12    0.00    0.00    0.00    0.00    0.00    0.00   87.28
18:01:01     all   12.05    0.00    0.63    0.00    0.00    0.00    0.00    0.00    0.00   87.33
18:01:02     all    6.12    0.00    0.38    6.12    0.00    0.00    0.00    0.00    0.00   87.38
18:01:03     all    1.25    0.00    0.38   12.52    0.00    0.00    0.00    0.00    0.00   85.86
18:01:04     all    0.75    0.00    0.12   11.99    0.00    0.00    0.00    0.00    0.00   87.14
18:01:05     all    0.75    0.00    0.13   11.78    0.00    0.00    0.00    0.00    0.00   87.34
18:01:06     all    0.00    0.00    0.00   12.52    0.00    0.00    0.00    0.00    0.00   87.48
18:01:07     all    0.13    0.00    0.13   12.41    0.00    0.00    0.00    0.00    0.00   87.34
18:01:08     all    0.00    0.00    0.38   18.40    0.00    0.00    0.00    0.00    0.00   81.23
18:01:09     all    0.88    0.00    0.25   12.28    0.00    0.00    0.00    0.00    0.00   86.59
18:01:10     all    0.00    0.00    0.13   13.53    0.00    0.00    0.00    0.00    0.00   86.34
18:01:11     all    0.25    0.00    0.00   28.59    0.00    0.00    0.00    0.00    0.00   71.16
18:01:12     all    0.13    0.00    0.00   51.94    0.00    0.00    0.00    0.00    0.00   47.93
18:01:13     all    0.88    0.00    0.00   14.27    0.00    0.00    0.00    0.00    0.00   84.86
18:01:14     all    0.00    0.00    0.25   16.90    0.00    0.00    0.00    0.00    0.00   82.85
18:01:15     all    1.00    0.00    0.13   12.78    0.00    0.00    0.00    0.00    0.00   86.09
