procs -----------memory---------- ---swap-- -----io---- -system-- -------cpu-------
 r  b   swpd   free   buff  cache   si   so    bi    bo   in   cs us sy id wa st gu
 1  0      0 5153920  71028 2411692    0    0    71   153  541    0  1  0 98  1  0  0
 1  0      0 5055636  71028 2411756    0    0     0     0 1590  606 11  1 87  0  0  0
 1  0      0 5063700  71028 2411756    0    0     0     0 1310  431 12  0 87  0  0  0
 1  0      0 5063620  71028 2411756    0    0     0     0 1335  484 12  1 87  0  0  0
 1  0      0 5054644  71028 2411756    0    0     0    20 1323  464 12  0 87  0  0  0
 1  0      0 5060548  71028 2411756    0    0     0     0 1301  439 12  1 87  0  0  0
 1  0      0 5068612  71028 2411756    0    0     0     0 1318  469 12  1 87  0  0  0
 1  0      0 5068612  71028 2411756    0    0     0     0 1340  471 12  1 87  0  0  0
 1  0      0 5070256  71028 2411756    0    0     0     0 1329  454 12  0 87  0  0  0
 1  0      0 5103748  71028 2411764    0    0     0   112 1722  842 12  1 86  1  0  0
