0.044753
0.045546
0.044849
0.045922
0.006382
0.006437
0.006071
0.006401
0.007200
0.007208
0.006782
0.005519
0.047374
0.005460
0.005602
0.046184
0.010370
0.004431
0.004553
0.007084
0.006877
0.004462
0.004586
0.004506
0.005086
0.045311
0.006733
0.006404
0.004627
0.045107
0.004360
0.004733
0.045243
0.004605
0.004495
0.044674
0.044716
0.004485
0.004454
0.004595
0.004320
0.004273
0.004547
0.004917
0.004599
0.004624
0.005618
0.005321
0.004564
0.045059
0.004419
0.004471
0.044829
0.004549
0.004427
0.004486
0.004399
0.045771
0.004456
0.004274
0.004714
0.004336
0.004386
0.005288
0.004304
0.004757
0.007074
0.004684
0.004599
0.045102
0.004307
0.004301
0.004219
0.004581
0.004801
0.004374
0.004267
0.044764
0.004649
0.004548
0.004369
0.004433
0.004369
0.004541
0.045563
0.004554
0.004954
0.004403
0.004312
0.004231
0.004266
0.004189
0.004329
0.004374
0.004385
0.004856
0.004678
0.005118
0.044726
0.044976
