0.004456
0.004391
0.045259
0.004737
0.005144
0.005043
0.045525
0.004900
0.004517
0.004517
0.004443
0.004260
0.004202
0.004313
0.044539
0.004637
0.004476
0.004309
0.004304
0.044847
0.004628
0.004452
0.004772
0.004311
0.004207
0.004461
0.004363
0.004498
0.004549
0.004393
0.004477
0.004452
0.006972
0.044537
0.044676
0.004502
0.004298
0.004733
0.004510
0.044924
0.004684
0.005724
0.045284
0.044932
0.004606
0.044597
0.044748
0.004584
0.004702
0.004697
0.004786
0.004488
0.005036
0.004769
0.004786
0.044933
0.045668
0.005599
0.004669
0.004485
0.004293
0.045021
0.046127
0.044573
0.005331
0.006641
0.004415
0.005968
0.004715
0.004637
0.044720
0.007777
0.045115
0.005508
0.046631
0.045530
0.046754
0.005866
0.004988
0.046296
0.005796
0.005931
0.046947
0.006781
0.006806
0.006450
0.005168
0.004810
0.045877
0.005414
0.045436
0.007049
0.004811
0.045833
0.005053
0.045774
0.004453
0.005289
0.045157
0.044810
